=========== MATRIXs ===========
0 0 0 0 0 0 0 0 0 0 
1 1 1 1 1 1 1 1 1 1 
2 2 2 2 2 2 2 2 2 2 
3 3 3 3 3 3 3 3 3 3 
4 4 4 4 4 4 4 4 4 4 
5 5 5 5 5 5 5 5 5 5 
6 6 6 6 6 6 6 6 6 6 
7 7 7 7 7 7 7 7 7 7 
8 8 8 8 8 8 8 8 8 8 
9 9 9 9 9 9 9 9 9 9 
=========== CSTRINGs ===========
 0:sAl  1:sSa  2:sEv  3:sAl  4:sSa  5:sEv  6:sAl  7:sSa  8:sEv  9:sAl  10:sSa  11:sEv  12:sAl  13:sSa  14:sEv  15:sAl  16:sSa  17:sEv  18:sAl  19:sSa  20:sEv  21:sAl  22:sSa  23:sEv  24:sAl  25:sSa  26:sEv  27:sAl  28:sSa  29:sEv  30:sAl  31:sSa  32:sEv  33:sAl  34:sSa  35:sEv  36:sAl  37:sSa  38:sEv  39:sAl  40:sSa  41:sEv  42:sAl  43:sSa  44:sEv  45:sAl  46:sSa  47:sEv  48:sAl  49:sSa  50:sEv  51:sAl  52:sSa  53:sEv  54:sAl  55:sSa  56:sEv  57:sAl  58:sSa  59:sEv  60:sAl  61:sSa  62:sEv  63:sAl  64:sSa  65:sEv  66:sAl  67:sSa  68:sEv  69:sAl  70:sSa  71:sEv  72:sAl  73:sSa  74:sEv  75:sAl  76:sSa  77:sEv  78:sAl  79:sSa  80:sEv  81:sAl  82:sSa  83:sEv  84:sAl  85:sSa  86:sEv  87:sAl  88:sSa  89:sEv  90:sAl  91:sSa  92:sEv  93:sAl  94:sSa  95:sEv  96:sAl  97:sSa  98:sEv  99:sAl  100:sSa  101:sEv  102:sAl  103:sSa  104:sEv  105:sAl  106:sSa  107:sEv  108:sAl  109:sSa  110:sEv  111:sAl  112:sSa  113:sEv  114:sAl  115:sSa  116:sEv  117:sAl  118:sSa  119:sEv  120:sAl  121:sSa  122:sEv  123:sAl  124:sSa  125:sEv  126:sAl  127:sSa  128:sEv  129:sAl  130:sSa  131:sEv  132:sAl  133:sSa  134:sEv  135:sAl  136:sSa  137:sEv  138:sAl  139:sSa  140:sEv  141:sAl  142:sSa  143:sEv  144:sAl  145:sSa  146:sEv  147:sAl  148:sSa  149:sEv  150:sAl  151:sSa  152:sEv  153:sAl  154:sSa  155:sEv Pop: sEv
=========== I32s ===========
POP: 32052
POP: 32163
32000 32001 32002 32003 32004 32005 32006 32007 32008 32009 32010 32011 32012 32013 32014 32015 32016 32017 32018 32019 32020 32021 32022 32023 32024 32025 32026 32027 32028 32029 32030 32031 32032 32033 32034 32035 32036 32037 32038 32039 32040 32041 32042 32043 32044 32045 32046 32047 32048 32049 32050 32051 32052 32053 32054 32055 32056 32057 32058 32059 32060 32061 32062 32063 32064 32065 32066 32067 32068 32069 32070 32071 32072 32073 32074 32075 32076 32077 32078 32079 32080 32081 32082 32083 32084 32085 32086 32087 32088 32089 32090 32091 32092 32093 32094 32095 32096 32097 32098 32099 32100 32101 32102 32103 32104 32105 32106 32107 32108 32109 32110 32111 32112 32113 32114 32115 32116 32117 32118 32119 32120 32121 32122 32123 32124 32125 32126 32127 32128 32129 32130 32131 32132 32133 32134 32135 32136 32137 32138 32139 32140 32141 32142 32143 32144 32145 32146 32147 32148 32149 32150 32151 32152 32153 32154 32155 32156 32157 32158 32159 32160 32161 32162 
=========== I64s ===========
POP: 64052
POP: 64163
64000 64001 64002 64003 64004 64005 64006 64007 64008 64009 64010 64011 64012 64013 64014 64015 64016 64017 64018 64019 64020 64021 64022 64023 64024 64025 64026 64027 64028 64029 64030 64031 64032 64033 64034 64035 64036 64037 64038 64039 64040 64041 64042 64043 64044 64045 64046 64047 64048 64049 64050 64051 64052 64053 64054 64055 64056 64057 64058 64059 64060 64061 64062 64063 64064 64065 64066 64067 64068 64069 64070 64071 64072 64073 64074 64075 64076 64077 64078 64079 64080 64081 64082 64083 64084 64085 64086 64087 64088 64089 64090 64091 64092 64093 64094 64095 64096 64097 64098 64099 64100 64101 64102 64103 64104 64105 64106 64107 64108 64109 64110 64111 64112 64113 64114 64115 64116 64117 64118 64119 64120 64121 64122 64123 64124 64125 64126 64127 64128 64129 64130 64131 64132 64133 64134 64135 64136 64137 64138 64139 64140 64141 64142 64143 64144 64145 64146 64147 64148 64149 64150 64151 64152 64153 64154 64155 64156 64157 64158 64159 64160 64161 64162 
=========== FLOATs ===========
POP: 5.203200
POP: 81.503197
0.003200 0.503200 1.003200 1.503200 2.003200 2.503200 3.003200 3.503200 4.003200 4.503200 5.003200 5.503200 6.003200 6.503200 7.003200 7.503200 8.003200 8.503200 9.003200 9.503200 10.003200 10.503200 11.003200 11.503200 12.003200 12.503200 13.003200 13.503200 14.003200 14.503200 15.003200 15.503200 16.003201 16.503201 17.003201 17.503201 18.003201 18.503201 19.003201 19.503201 20.003201 20.503201 21.003201 21.503201 22.003201 22.503201 23.003201 23.503201 24.003201 24.503201 25.003201 25.503201 26.003201 26.503201 27.003201 27.503201 28.003201 28.503201 29.003201 29.503201 30.003201 30.503201 31.003201 31.503201 32.003201 32.503201 33.003201 33.503201 34.003201 34.503201 35.003201 35.503201 36.003201 36.503201 37.003201 37.503201 38.003201 38.503201 39.003201 39.503201 40.003201 40.503201 41.003201 41.503201 42.003201 42.503201 43.003201 43.503201 44.003201 44.503201 45.003201 45.503201 46.003201 46.503201 47.003201 47.503201 48.003201 48.503201 49.003201 49.503201 50.003201 50.503201 51.003201 51.503201 52.003201 52.503201 53.003201 53.503201 54.003201 54.503201 55.003201 55.503201 56.003201 56.503201 57.003201 57.503201 58.003201 58.503201 59.003201 59.503201 60.003201 60.503201 61.003201 61.503201 62.003201 62.503201 63.003201 63.503201 64.003197 64.503197 65.003197 65.503197 66.003197 66.503197 67.003197 67.503197 68.003197 68.503197 69.003197 69.503197 70.003197 70.503197 71.003197 71.503197 72.003197 72.503197 73.003197 73.503197 74.003197 74.503197 75.003197 75.503197 76.003197 76.503197 77.003197 77.503197 78.003197 78.503197 79.003197 79.503197 80.003197 80.503197 81.003197 
=========== DOUBLEs ===========
POP: 5.200640
POP: 81.500640
0.000640 0.500640 1.000640 1.500640 2.000640 2.500640 3.000640 3.500640 4.000640 4.500640 5.000640 5.500640 6.000640 6.500640 7.000640 7.500640 8.000640 8.500640 9.000640 9.500640 10.000640 10.500640 11.000640 11.500640 12.000640 12.500640 13.000640 13.500640 14.000640 14.500640 15.000640 15.500640 16.000640 16.500640 17.000640 17.500640 18.000640 18.500640 19.000640 19.500640 20.000640 20.500640 21.000640 21.500640 22.000640 22.500640 23.000640 23.500640 24.000640 24.500640 25.000640 25.500640 26.000640 26.500640 27.000640 27.500640 28.000640 28.500640 29.000640 29.500640 30.000640 30.500640 31.000640 31.500640 32.000640 32.500640 33.000640 33.500640 34.000640 34.500640 35.000640 35.500640 36.000640 36.500640 37.000640 37.500640 38.000640 38.500640 39.000640 39.500640 40.000640 40.500640 41.000640 41.500640 42.000640 42.500640 43.000640 43.500640 44.000640 44.500640 45.000640 45.500640 46.000640 46.500640 47.000640 47.500640 48.000640 48.500640 49.000640 49.500640 50.000640 50.500640 51.000640 51.500640 52.000640 52.500640 53.000640 53.500640 54.000640 54.500640 55.000640 55.500640 56.000640 56.500640 57.000640 57.500640 58.000640 58.500640 59.000640 59.500640 60.000640 60.500640 61.000640 61.500640 62.000640 62.500640 63.000640 63.500640 64.000640 64.500640 65.000640 65.500640 66.000640 66.500640 67.000640 67.500640 68.000640 68.500640 69.000640 69.500640 70.000640 70.500640 71.000640 71.500640 72.000640 72.500640 73.000640 73.500640 74.000640 74.500640 75.000640 75.500640 76.000640 76.500640 77.000640 77.500640 78.000640 78.500640 79.000640 79.500640 80.000640 80.500640 81.000640 
