
[1573837214672] |21| |128| |114| |125| |246| |127| |0| |0| 

[1573837214680] |30| |128| |114| |125| |246| |127| |0| |0| 

[1573837214688] |216| |217| |218| |219| |220| |221| |222| |223| 

[1573837214672] |21| |128| |114| |125| |246| |127| |0| |0|  ;; |30| |128| |114| |125| |246| |127| |0| |0|  ;; |216| |217| |218| |219| |220| |221| |222| |223| 

String 1, String 2

[1573837214672] |21| |128| |114| |125| |246| |127| |0| |0| 

[1573837214680] |30| |128| |114| |125| |246| |127| |0| |0| 

[1573837214688] |216| |217| |218| |219| |220| |221| |222| |223| 

[1573837214672] |21| |128| |114| |125| |246| |127| |0| |0|  ;; |30| |128| |114| |125| |246| |127| |0| |0|  ;; |216| |217| |218| |219| |220| |221| |222| |223| 
